V 54
K 1
D 0 -42672000 4572000 0
Y 1
U 4191000 762000 254000 0 2 3 REFDES=IC?
U 4191000 508000 254000 0 2 3 DEVICE=F28388DZWTSR
U 4191000 254000 254000 0 2 0 PKG_TYPE=BGA337C80P19X19_1600X1600X140
U 4191000 0 254000 0 2 0 Description=32-bit Microcontrollers - MCU C2000 32-bit MCU w/ connectivity manager, 2x C28x+CLA CPU, 1.5-MB flash, FPU64, CLB, ENET, EtherCAT 337-NFBGA -40 to 125
U 4191000 -254000 254000 0 2 0 Datasheet Link=https://www.ti.com/lit/ds/symlink/tms320f28388d.pdf?ts=1627491509300
U 4191000 -508000 254000 0 2 0 Height=1.4
U 4191000 -762000 254000 0 2 0 Manufacturer_Name=Texas Instruments
U 4191000 -1016000 254000 0 2 0 Manufacturer_Part_Number=F28388DZWTSR
U 4191000 -1270000 254000 0 2 0 Mouser Part Number=595-F28388DZWTSR
U 4191000 -1524000 254000 0 2 0 Mouser Price/Stock=https://www.mouser.co.uk/ProductDetail/Texas-Instruments/F28388DZWTSR?qs=mAH9sUMRCtsR9XHp7VqOZA%3D%3D
U 4191000 -1778000 254000 0 2 0 Arrow Part Number=F28388DZWTSR
U 4191000 -2032000 254000 0 2 0 Arrow Price/Stock=https://www.arrow.com/en/products/f28388dzwtsr/texas-instruments?utm_currency=USD&region=nac
U 0 0 254000 0 1 0 FORWARD_PCB=1
l 5 508000 254000 4064000 254000 4064000 -42926000 508000 -42926000 508000 254000
|GRPHSTL -1 -1 -1 1
P 1 0 0 508000 0 0 2 0
L 584200 0 228600 0 2 0 1 0 VSS_1
A 355600 50800 203200 0 9 3 #=A1
A 0 0 9 0 3 0 PINTYPE=BI
P 2 0 -254000 508000 -254000 0 2 0
L 584200 -254000 228600 0 2 0 1 0 GPIO97
A 355600 -203200 203200 0 9 3 #=A2
A 0 0 9 0 3 0 PINTYPE=BI
P 3 0 -508000 508000 -508000 0 2 0
L 584200 -508000 228600 0 2 0 1 0 GPIO94
A 355600 -457200 203200 0 9 3 #=A3
A 0 0 9 0 3 0 PINTYPE=BI
P 4 0 -762000 508000 -762000 0 2 0
L 584200 -762000 228600 0 2 0 1 0 GPIO92
A 355600 -711200 203200 0 9 3 #=A4
A 0 0 9 0 3 0 PINTYPE=BI
P 5 0 -1016000 508000 -1016000 0 2 0
L 584200 -1016000 228600 0 2 0 1 0 GPIO90
A 355600 -965200 203200 0 9 3 #=A5
A 0 0 9 0 3 0 PINTYPE=BI
P 6 0 -1270000 508000 -1270000 0 2 0
L 584200 -1270000 228600 0 2 0 1 0 GPIO6
A 355600 -1219200 203200 0 9 3 #=A6
A 0 0 9 0 3 0 PINTYPE=BI
P 7 0 -1524000 508000 -1524000 0 2 0
L 584200 -1524000 228600 0 2 0 1 0 GPIO2
A 355600 -1473200 203200 0 9 3 #=A7
A 0 0 9 0 3 0 PINTYPE=BI
P 8 0 -1778000 508000 -1778000 0 2 0
L 584200 -1778000 228600 0 2 0 1 0 GPIO163
A 355600 -1727200 203200 0 9 3 #=A8
A 0 0 9 0 3 0 PINTYPE=BI
P 9 0 -2032000 508000 -2032000 0 2 0
L 584200 -2032000 228600 0 2 0 1 0 VDDIO_1
A 355600 -1981200 203200 0 9 3 #=A9
A 0 0 9 0 3 0 PINTYPE=BI
P 10 0 -2286000 508000 -2286000 0 2 0
L 584200 -2286000 228600 0 2 0 1 0 VSS_2
A 355600 -2235200 203200 0 9 3 #=A10
A 0 0 9 0 3 0 PINTYPE=BI
P 11 0 -2540000 508000 -2540000 0 2 0
L 584200 -2540000 228600 0 2 0 1 0 GPIO84
A 355600 -2489200 203200 0 9 3 #=A11
A 0 0 9 0 3 0 PINTYPE=BI
P 12 0 -2794000 508000 -2794000 0 2 0
L 584200 -2794000 228600 0 2 0 1 0 GPIO153
A 355600 -2743200 203200 0 9 3 #=A12
A 0 0 9 0 3 0 PINTYPE=BI
P 13 0 -3048000 508000 -3048000 0 2 0
L 584200 -3048000 228600 0 2 0 1 0 GPIO149
A 355600 -2997200 203200 0 9 3 #=A13
A 0 0 9 0 3 0 PINTYPE=BI
P 14 0 -3302000 508000 -3302000 0 2 0
L 584200 -3302000 228600 0 2 0 1 0 GPIO81
A 355600 -3251200 203200 0 9 3 #=A14
A 0 0 9 0 3 0 PINTYPE=BI
P 15 0 -3556000 508000 -3556000 0 2 0
L 584200 -3556000 228600 0 2 0 1 0 GPIO77
A 355600 -3505200 203200 0 9 3 #=A15
A 0 0 9 0 3 0 PINTYPE=BI
P 16 0 -3810000 508000 -3810000 0 2 0
L 584200 -3810000 228600 0 2 0 1 0 GPIO73
A 355600 -3759200 203200 0 9 3 #=A16
A 0 0 9 0 3 0 PINTYPE=BI
P 17 0 -4064000 508000 -4064000 0 2 0
L 584200 -4064000 228600 0 2 0 1 0 GPIO70
A 355600 -4013200 203200 0 9 3 #=A17
A 0 0 9 0 3 0 PINTYPE=BI
P 18 0 -4318000 508000 -4318000 0 2 0
L 584200 -4318000 228600 0 2 0 1 0 VDDIO_2
A 355600 -4267200 203200 0 9 3 #=A18
A 0 0 9 0 3 0 PINTYPE=BI
P 19 0 -4572000 508000 -4572000 0 2 0
L 584200 -4572000 228600 0 2 0 1 0 VSS_3
A 355600 -4521200 203200 0 9 3 #=A19
A 0 0 9 0 3 0 PINTYPE=BI
P 20 0 -4826000 508000 -4826000 0 2 0
L 584200 -4826000 228600 0 2 0 1 0 VDDIO_3
A 355600 -4775200 203200 0 9 3 #=B1
A 0 0 9 0 3 0 PINTYPE=BI
P 21 0 -5080000 508000 -5080000 0 2 0
L 584200 -5080000 228600 0 2 0 1 0 GPIO10
A 355600 -5029200 203200 0 9 3 #=B2
A 0 0 9 0 3 0 PINTYPE=BI
P 22 0 -5334000 508000 -5334000 0 2 0
L 584200 -5334000 228600 0 2 0 1 0 GPIO95
A 355600 -5283200 203200 0 9 3 #=B3
A 0 0 9 0 3 0 PINTYPE=BI
P 23 0 -5588000 508000 -5588000 0 2 0
L 584200 -5588000 228600 0 2 0 1 0 GPIO93
A 355600 -5537200 203200 0 9 3 #=B4
A 0 0 9 0 3 0 PINTYPE=BI
P 24 0 -5842000 508000 -5842000 0 2 0
L 584200 -5842000 228600 0 2 0 1 0 GPIO91
A 355600 -5791200 203200 0 9 3 #=B5
A 0 0 9 0 3 0 PINTYPE=BI
P 25 0 -6096000 508000 -6096000 0 2 0
L 584200 -6096000 228600 0 2 0 1 0 GPIO7
A 355600 -6045200 203200 0 9 3 #=B6
A 0 0 9 0 3 0 PINTYPE=BI
P 26 0 -6350000 508000 -6350000 0 2 0
L 584200 -6350000 228600 0 2 0 1 0 GPIO3
A 355600 -6299200 203200 0 9 3 #=B7
A 0 0 9 0 3 0 PINTYPE=BI
P 27 0 -6604000 508000 -6604000 0 2 0
L 584200 -6604000 228600 0 2 0 1 0 GPIO164
A 355600 -6553200 203200 0 9 3 #=B8
A 0 0 9 0 3 0 PINTYPE=BI
P 28 0 -6858000 508000 -6858000 0 2 0
L 584200 -6858000 228600 0 2 0 1 0 GPIO160
A 355600 -6807200 203200 0 9 3 #=B9
A 0 0 9 0 3 0 PINTYPE=BI
P 29 0 -7112000 508000 -7112000 0 2 0
L 584200 -7112000 228600 0 2 0 1 0 GPIO157
A 355600 -7061200 203200 0 9 3 #=B10
A 0 0 9 0 3 0 PINTYPE=BI
P 30 0 -7366000 508000 -7366000 0 2 0
L 584200 -7366000 228600 0 2 0 1 0 GPIO85
A 355600 -7315200 203200 0 9 3 #=B11
A 0 0 9 0 3 0 PINTYPE=BI
P 31 0 -7620000 508000 -7620000 0 2 0
L 584200 -7620000 228600 0 2 0 1 0 GPIO154
A 355600 -7569200 203200 0 9 3 #=B12
A 0 0 9 0 3 0 PINTYPE=BI
P 32 0 -7874000 508000 -7874000 0 2 0
L 584200 -7874000 228600 0 2 0 1 0 GPIO150
A 355600 -7823200 203200 0 9 3 #=B13
A 0 0 9 0 3 0 PINTYPE=BI
P 33 0 -8128000 508000 -8128000 0 2 0
L 584200 -8128000 228600 0 2 0 1 0 GPIO82
A 355600 -8077200 203200 0 9 3 #=B14
A 0 0 9 0 3 0 PINTYPE=BI
P 34 0 -8382000 508000 -8382000 0 2 0
L 584200 -8382000 228600 0 2 0 1 0 GPIO78
A 355600 -8331200 203200 0 9 3 #=B15
A 0 0 9 0 3 0 PINTYPE=BI
P 35 0 -8636000 508000 -8636000 0 2 0
L 584200 -8636000 228600 0 2 0 1 0 GPIO72
A 355600 -8585200 203200 0 9 3 #=B16
A 0 0 9 0 3 0 PINTYPE=BI
P 36 0 -8890000 508000 -8890000 0 2 0
L 584200 -8890000 228600 0 2 0 1 0 GPIO71
A 355600 -8839200 203200 0 9 3 #=B17
A 0 0 9 0 3 0 PINTYPE=BI
P 37 0 -9144000 508000 -9144000 0 2 0
L 584200 -9144000 228600 0 2 0 1 0 GPIO69
A 355600 -9093200 203200 0 9 3 #=B18
A 0 0 9 0 3 0 PINTYPE=BI
P 38 0 -9398000 508000 -9398000 0 2 0
L 584200 -9398000 228600 0 2 0 1 0 GPIO67
A 355600 -9347200 203200 0 9 3 #=B19
A 0 0 9 0 3 0 PINTYPE=BI
P 39 0 -9652000 508000 -9652000 0 2 0
L 584200 -9652000 228600 0 2 0 1 0 GPIO11
A 355600 -9601200 203200 0 9 3 #=C1
A 0 0 9 0 3 0 PINTYPE=BI
P 40 0 -9906000 508000 -9906000 0 2 0
L 584200 -9906000 228600 0 2 0 1 0 GPIO12
A 355600 -9855200 203200 0 9 3 #=C2
A 0 0 9 0 3 0 PINTYPE=BI
P 41 0 -10160000 508000 -10160000 0 2 0
L 584200 -10160000 228600 0 2 0 1 0 GPIO96
A 355600 -10109200 203200 0 9 3 #=C3
A 0 0 9 0 3 0 PINTYPE=BI
P 42 0 -10414000 508000 -10414000 0 2 0
L 584200 -10414000 228600 0 2 0 1 0 GPIO167
A 355600 -10363200 203200 0 9 3 #=C4
A 0 0 9 0 3 0 PINTYPE=BI
P 43 0 -10668000 508000 -10668000 0 2 0
L 584200 -10668000 228600 0 2 0 1 0 GPIO165
A 355600 -10617200 203200 0 9 3 #=C5
A 0 0 9 0 3 0 PINTYPE=BI
P 44 0 -10922000 508000 -10922000 0 2 0
L 584200 -10922000 228600 0 2 0 1 0 GPIO88
A 355600 -10871200 203200 0 9 3 #=C6
A 0 0 9 0 3 0 PINTYPE=BI
P 45 0 -11176000 508000 -11176000 0 2 0
L 584200 -11176000 228600 0 2 0 1 0 GPIO4
A 355600 -11125200 203200 0 9 3 #=C7
A 0 0 9 0 3 0 PINTYPE=BI
P 46 0 -11430000 508000 -11430000 0 2 0
L 584200 -11430000 228600 0 2 0 1 0 GPIO0
A 355600 -11379200 203200 0 9 3 #=C8
A 0 0 9 0 3 0 PINTYPE=BI
P 47 0 -11684000 508000 -11684000 0 2 0
L 584200 -11684000 228600 0 2 0 1 0 GPIO161
A 355600 -11633200 203200 0 9 3 #=C9
A 0 0 9 0 3 0 PINTYPE=BI
P 48 0 -11938000 508000 -11938000 0 2 0
L 584200 -11938000 228600 0 2 0 1 0 GPIO158
A 355600 -11887200 203200 0 9 3 #=C10
A 0 0 9 0 3 0 PINTYPE=BI
P 49 0 -12192000 508000 -12192000 0 2 0
L 584200 -12192000 228600 0 2 0 1 0 GPIO86
A 355600 -12141200 203200 0 9 3 #=C11
A 0 0 9 0 3 0 PINTYPE=BI
P 50 0 -12446000 508000 -12446000 0 2 0
L 584200 -12446000 228600 0 2 0 1 0 GPIO155
A 355600 -12395200 203200 0 9 3 #=C12
A 0 0 9 0 3 0 PINTYPE=BI
P 51 0 -12700000 508000 -12700000 0 2 0
L 584200 -12700000 228600 0 2 0 1 0 GPIO151
A 355600 -12649200 203200 0 9 3 #=C13
A 0 0 9 0 3 0 PINTYPE=BI
P 52 0 -12954000 508000 -12954000 0 2 0
L 584200 -12954000 228600 0 2 0 1 0 GPIO83
A 355600 -12903200 203200 0 9 3 #=C14
A 0 0 9 0 3 0 PINTYPE=BI
P 53 0 -13208000 508000 -13208000 0 2 0
L 584200 -13208000 228600 0 2 0 1 0 GPIO79
A 355600 -13157200 203200 0 9 3 #=C15
A 0 0 9 0 3 0 PINTYPE=BI
P 54 0 -13462000 508000 -13462000 0 2 0
L 584200 -13462000 228600 0 2 0 1 0 GPIO76
A 355600 -13411200 203200 0 9 3 #=C16
A 0 0 9 0 3 0 PINTYPE=BI
P 55 0 -13716000 508000 -13716000 0 2 0
L 584200 -13716000 228600 0 2 0 1 0 GPIO74
A 355600 -13665200 203200 0 9 3 #=C17
A 0 0 9 0 3 0 PINTYPE=BI
P 56 0 -13970000 508000 -13970000 0 2 0
L 584200 -13970000 228600 0 2 0 1 0 GPIO68
A 355600 -13919200 203200 0 9 3 #=C18
A 0 0 9 0 3 0 PINTYPE=BI
P 57 0 -14224000 508000 -14224000 0 2 0
L 584200 -14224000 228600 0 2 0 1 0 GPIO43
A 355600 -14173200 203200 0 9 3 #=C19
A 0 0 9 0 3 0 PINTYPE=BI
P 58 0 -14478000 508000 -14478000 0 2 0
L 584200 -14478000 228600 0 2 0 1 0 GPIO13
A 355600 -14427200 203200 0 9 3 #=D1
A 0 0 9 0 3 0 PINTYPE=BI
P 59 0 -14732000 508000 -14732000 0 2 0
L 584200 -14732000 228600 0 2 0 1 0 GPIO14
A 355600 -14681200 203200 0 9 3 #=D2
A 0 0 9 0 3 0 PINTYPE=BI
P 60 0 -14986000 508000 -14986000 0 2 0
L 584200 -14986000 228600 0 2 0 1 0 GPIO15
A 355600 -14935200 203200 0 9 3 #=D3
A 0 0 9 0 3 0 PINTYPE=BI
P 61 0 -15240000 508000 -15240000 0 2 0
L 584200 -15240000 228600 0 2 0 1 0 GPIO168
A 355600 -15189200 203200 0 9 3 #=D4
A 0 0 9 0 3 0 PINTYPE=BI
P 62 0 -15494000 508000 -15494000 0 2 0
L 584200 -15494000 228600 0 2 0 1 0 GPIO166
A 355600 -15443200 203200 0 9 3 #=D5
A 0 0 9 0 3 0 PINTYPE=BI
P 63 0 -15748000 508000 -15748000 0 2 0
L 584200 -15748000 228600 0 2 0 1 0 GPIO89
A 355600 -15697200 203200 0 9 3 #=D6
A 0 0 9 0 3 0 PINTYPE=BI
P 64 0 -16002000 508000 -16002000 0 2 0
L 584200 -16002000 228600 0 2 0 1 0 GPIO5
A 355600 -15951200 203200 0 9 3 #=D7
A 0 0 9 0 3 0 PINTYPE=BI
P 65 0 -16256000 508000 -16256000 0 2 0
L 584200 -16256000 228600 0 2 0 1 0 GPIO1
A 355600 -16205200 203200 0 9 3 #=D8
A 0 0 9 0 3 0 PINTYPE=BI
P 66 0 -16510000 508000 -16510000 0 2 0
L 584200 -16510000 228600 0 2 0 1 0 GPIO162
A 355600 -16459200 203200 0 9 3 #=D9
A 0 0 9 0 3 0 PINTYPE=BI
P 67 0 -16764000 508000 -16764000 0 2 0
L 584200 -16764000 228600 0 2 0 1 0 GPIO159
A 355600 -16713200 203200 0 9 3 #=D10
A 0 0 9 0 3 0 PINTYPE=BI
P 68 0 -17018000 508000 -17018000 0 2 0
L 584200 -17018000 228600 0 2 0 1 0 GPIO87
A 355600 -16967200 203200 0 9 3 #=D11
A 0 0 9 0 3 0 PINTYPE=BI
P 69 0 -17272000 508000 -17272000 0 2 0
L 584200 -17272000 228600 0 2 0 1 0 GPIO156
A 355600 -17221200 203200 0 9 3 #=D12
A 0 0 9 0 3 0 PINTYPE=BI
P 70 0 -17526000 508000 -17526000 0 2 0
L 584200 -17526000 228600 0 2 0 1 0 GPIO152
A 355600 -17475200 203200 0 9 3 #=D13
A 0 0 9 0 3 0 PINTYPE=BI
P 71 0 -17780000 508000 -17780000 0 2 0
L 584200 -17780000 228600 0 2 0 1 0 GPIO148
A 355600 -17729200 203200 0 9 3 #=D14
A 0 0 9 0 3 0 PINTYPE=BI
P 72 0 -18034000 508000 -18034000 0 2 0
L 584200 -18034000 228600 0 2 0 1 0 GPIO80
A 355600 -17983200 203200 0 9 3 #=D15
A 0 0 9 0 3 0 PINTYPE=BI
P 73 0 -18288000 508000 -18288000 0 2 0
L 584200 -18288000 228600 0 2 0 1 0 GPIO75
A 355600 -18237200 203200 0 9 3 #=D16
A 0 0 9 0 3 0 PINTYPE=BI
P 74 0 -18542000 508000 -18542000 0 2 0
L 584200 -18542000 228600 0 2 0 1 0 GPIO147
A 355600 -18491200 203200 0 9 3 #=D17
A 0 0 9 0 3 0 PINTYPE=BI
P 75 0 -18796000 508000 -18796000 0 2 0
L 584200 -18796000 228600 0 2 0 1 0 GPIO146
A 355600 -18745200 203200 0 9 3 #=D18
A 0 0 9 0 3 0 PINTYPE=BI
P 76 0 -19050000 508000 -19050000 0 2 0
L 584200 -19050000 228600 0 2 0 1 0 GPIO42
A 355600 -18999200 203200 0 9 3 #=D19
A 0 0 9 0 3 0 PINTYPE=BI
P 77 0 -19304000 508000 -19304000 0 2 0
L 584200 -19304000 228600 0 2 0 1 0 GPIO16
A 355600 -19253200 203200 0 9 3 #=E1
A 0 0 9 0 3 0 PINTYPE=BI
P 78 0 -19558000 508000 -19558000 0 2 0
L 584200 -19558000 228600 0 2 0 1 0 GPIO17
A 355600 -19507200 203200 0 9 3 #=E2
A 0 0 9 0 3 0 PINTYPE=BI
P 79 0 -19812000 508000 -19812000 0 2 0
L 584200 -19812000 228600 0 2 0 1 0 GPIO18
A 355600 -19761200 203200 0 9 3 #=E3
A 0 0 9 0 3 0 PINTYPE=BI
P 80 0 -20066000 508000 -20066000 0 2 0
L 584200 -20066000 228600 0 2 0 1 0 GPIO19
A 355600 -20015200 203200 0 9 3 #=E4
A 0 0 9 0 3 0 PINTYPE=BI
P 81 0 -20320000 508000 -20320000 0 2 0
L 584200 -20320000 228600 0 2 0 1 0 VSS_4
A 355600 -20269200 203200 0 9 3 #=E5
A 0 0 9 0 3 0 PINTYPE=BI
P 82 0 -20574000 508000 -20574000 0 2 0
L 584200 -20574000 228600 0 2 0 1 0 VSS_5
A 355600 -20523200 203200 0 9 3 #=E6
A 0 0 9 0 3 0 PINTYPE=BI
P 83 0 -20828000 508000 -20828000 0 2 0
L 584200 -20828000 228600 0 2 0 1 0 VDDIO_4
A 355600 -20777200 203200 0 9 3 #=E7
A 0 0 9 0 3 0 PINTYPE=BI
P 84 0 -21082000 508000 -21082000 0 2 0
L 584200 -21082000 228600 0 2 0 1 0 VSS_6
A 355600 -21031200 203200 0 9 3 #=E8
A 0 0 9 0 3 0 PINTYPE=BI
P 85 0 -21336000 508000 -21336000 0 2 0
L 584200 -21336000 228600 0 2 0 1 0 VDD_1
A 355600 -21285200 203200 0 9 3 #=E9
A 0 0 9 0 3 0 PINTYPE=BI
P 86 0 -21590000 508000 -21590000 0 2 0
L 584200 -21590000 228600 0 2 0 1 0 VDDIO_5
A 355600 -21539200 203200 0 9 3 #=E10
A 0 0 9 0 3 0 PINTYPE=BI
P 87 0 -21844000 508000 -21844000 0 2 0
L 584200 -21844000 228600 0 2 0 1 0 VDD_2
A 355600 -21793200 203200 0 9 3 #=E11
A 0 0 9 0 3 0 PINTYPE=BI
P 88 0 -22098000 508000 -22098000 0 2 0
L 584200 -22098000 228600 0 2 0 1 0 VSS_7
A 355600 -22047200 203200 0 9 3 #=E12
A 0 0 9 0 3 0 PINTYPE=BI
P 89 0 -22352000 508000 -22352000 0 2 0
L 584200 -22352000 228600 0 2 0 1 0 VDDIO_6
A 355600 -22301200 203200 0 9 3 #=E13
A 0 0 9 0 3 0 PINTYPE=BI
P 90 0 -22606000 508000 -22606000 0 2 0
L 584200 -22606000 228600 0 2 0 1 0 VSS_8
A 355600 -22555200 203200 0 9 3 #=E14
A 0 0 9 0 3 0 PINTYPE=BI
P 91 0 -22860000 508000 -22860000 0 2 0
L 584200 -22860000 228600 0 2 0 1 0 VSS_9
A 355600 -22809200 203200 0 9 3 #=E15
A 0 0 9 0 3 0 PINTYPE=BI
P 92 0 -23114000 508000 -23114000 0 2 0
L 584200 -23114000 228600 0 2 0 1 0 VDDIO_7
A 355600 -23063200 203200 0 9 3 #=E16
A 0 0 9 0 3 0 PINTYPE=BI
P 93 0 -23368000 508000 -23368000 0 2 0
L 584200 -23368000 228600 0 2 0 1 0 GPIO145
A 355600 -23317200 203200 0 9 3 #=E17
A 0 0 9 0 3 0 PINTYPE=BI
P 94 0 -23622000 508000 -23622000 0 2 0
L 584200 -23622000 228600 0 2 0 1 0 GPIO47
A 355600 -23571200 203200 0 9 3 #=E18
A 0 0 9 0 3 0 PINTYPE=BI
P 95 0 -23876000 508000 -23876000 0 2 0
L 584200 -23876000 228600 0 2 0 1 0 GPIO46
A 355600 -23825200 203200 0 9 3 #=E19
A 0 0 9 0 3 0 PINTYPE=BI
P 96 0 -24130000 508000 -24130000 0 2 0
L 584200 -24130000 228600 0 2 0 1 0 GPIO98
A 355600 -24079200 203200 0 9 3 #=F1
A 0 0 9 0 3 0 PINTYPE=BI
P 97 0 -24384000 508000 -24384000 0 2 0
L 584200 -24384000 228600 0 2 0 1 0 GPIO20
A 355600 -24333200 203200 0 9 3 #=F2
A 0 0 9 0 3 0 PINTYPE=BI
P 98 0 -24638000 508000 -24638000 0 2 0
L 584200 -24638000 228600 0 2 0 1 0 GPIO21
A 355600 -24587200 203200 0 9 3 #=F3
A 0 0 9 0 3 0 PINTYPE=BI
P 99 0 -24892000 508000 -24892000 0 2 0
L 584200 -24892000 228600 0 2 0 1 0 VDDIO_8
A 355600 -24841200 203200 0 9 3 #=F4
A 0 0 9 0 3 0 PINTYPE=BI
P 100 0 -25146000 508000 -25146000 0 2 0
L 584200 -25146000 228600 0 2 0 1 0 VSS_10
A 355600 -25095200 203200 0 9 3 #=F5
A 0 0 9 0 3 0 PINTYPE=BI
P 101 0 -25400000 508000 -25400000 0 2 0
L 584200 -25400000 228600 0 2 0 1 0 VSS_11
A 355600 -25349200 203200 0 9 3 #=F6
A 0 0 9 0 3 0 PINTYPE=BI
P 102 0 -25654000 508000 -25654000 0 2 0
L 584200 -25654000 228600 0 2 0 1 0 VDDIO_9
A 355600 -25603200 203200 0 9 3 #=F7
A 0 0 9 0 3 0 PINTYPE=BI
P 103 0 -25908000 508000 -25908000 0 2 0
L 584200 -25908000 228600 0 2 0 1 0 VSS_12
A 355600 -25857200 203200 0 9 3 #=F8
A 0 0 9 0 3 0 PINTYPE=BI
P 104 0 -26162000 508000 -26162000 0 2 0
L 584200 -26162000 228600 0 2 0 1 0 VDD_3
A 355600 -26111200 203200 0 9 3 #=F9
A 0 0 9 0 3 0 PINTYPE=BI
P 105 0 -26416000 508000 -26416000 0 2 0
L 584200 -26416000 228600 0 2 0 1 0 VDDIO_10
A 355600 -26365200 203200 0 9 3 #=F10
A 0 0 9 0 3 0 PINTYPE=BI
P 106 0 -26670000 508000 -26670000 0 2 0
L 584200 -26670000 228600 0 2 0 1 0 VDD_4
A 355600 -26619200 203200 0 9 3 #=F11
A 0 0 9 0 3 0 PINTYPE=BI
P 107 0 -26924000 508000 -26924000 0 2 0
L 584200 -26924000 228600 0 2 0 1 0 VSS_13
A 355600 -26873200 203200 0 9 3 #=F12
A 0 0 9 0 3 0 PINTYPE=BI
P 108 0 -27178000 508000 -27178000 0 2 0
L 584200 -27178000 228600 0 2 0 1 0 VDDIO_11
A 355600 -27127200 203200 0 9 3 #=F13
A 0 0 9 0 3 0 PINTYPE=BI
P 109 0 -27432000 508000 -27432000 0 2 0
L 584200 -27432000 228600 0 2 0 1 0 VSS_14
A 355600 -27381200 203200 0 9 3 #=F14
A 0 0 9 0 3 0 PINTYPE=BI
P 110 0 -27686000 508000 -27686000 0 2 0
L 584200 -27686000 228600 0 2 0 1 0 VSS_15
A 355600 -27635200 203200 0 9 3 #=F15
A 0 0 9 0 3 0 PINTYPE=BI
P 111 0 -27940000 508000 -27940000 0 2 0
L 584200 -27940000 228600 0 2 0 1 0 VDDIO_12
A 355600 -27889200 203200 0 9 3 #=F16
A 0 0 9 0 3 0 PINTYPE=BI
P 112 0 -28194000 508000 -28194000 0 2 0
L 584200 -28194000 228600 0 2 0 1 0 GPIO144
A 355600 -28143200 203200 0 9 3 #=F17
A 0 0 9 0 3 0 PINTYPE=BI
P 113 0 -28448000 508000 -28448000 0 2 0
L 584200 -28448000 228600 0 2 0 1 0 GPIO143
A 355600 -28397200 203200 0 9 3 #=F18
A 0 0 9 0 3 0 PINTYPE=BI
P 114 0 -28702000 508000 -28702000 0 2 0
L 584200 -28702000 228600 0 2 0 1 0 XRSN
A 355600 -28651200 203200 0 9 3 #=F19
A 0 0 9 0 3 0 PINTYPE=BI
P 115 0 -28956000 508000 -28956000 0 2 0
L 584200 -28956000 228600 0 2 0 1 0 GPIO99
A 355600 -28905200 203200 0 9 3 #=G1
A 0 0 9 0 3 0 PINTYPE=BI
P 116 0 -29210000 508000 -29210000 0 2 0
L 584200 -29210000 228600 0 2 0 1 0 GPIO8
A 355600 -29159200 203200 0 9 3 #=G2
A 0 0 9 0 3 0 PINTYPE=BI
P 117 0 -29464000 508000 -29464000 0 2 0
L 584200 -29464000 228600 0 2 0 1 0 GPIO9
A 355600 -29413200 203200 0 9 3 #=G3
A 0 0 9 0 3 0 PINTYPE=BI
P 118 0 -29718000 508000 -29718000 0 2 0
L 584200 -29718000 228600 0 2 0 1 0 VDDIO_13
A 355600 -29667200 203200 0 9 3 #=G4
A 0 0 9 0 3 0 PINTYPE=BI
P 119 0 -29972000 508000 -29972000 0 2 0
L 584200 -29972000 228600 0 2 0 1 0 VDDIO_14
A 355600 -29921200 203200 0 9 3 #=G5
A 0 0 9 0 3 0 PINTYPE=BI
P 120 0 -30226000 508000 -30226000 0 2 0
L 584200 -30226000 228600 0 2 0 1 0 VDDIO_15
A 355600 -30175200 203200 0 9 3 #=G6
A 0 0 9 0 3 0 PINTYPE=BI
P 121 0 -30480000 508000 -30480000 0 2 0
L 584200 -30480000 228600 0 2 0 1 0 VDD_5
A 355600 -30429200 203200 0 9 3 #=G14
A 0 0 9 0 3 0 PINTYPE=BI
P 122 0 -30734000 508000 -30734000 0 2 0
L 584200 -30734000 228600 0 2 0 1 0 VDD_6
A 355600 -30683200 203200 0 9 3 #=G15
A 0 0 9 0 3 0 PINTYPE=BI
P 123 0 -30988000 508000 -30988000 0 2 0
L 584200 -30988000 228600 0 2 0 1 0 VSS_16
A 355600 -30937200 203200 0 9 3 #=G16
A 0 0 9 0 3 0 PINTYPE=BI
P 124 0 -31242000 508000 -31242000 0 2 0
L 584200 -31242000 228600 0 2 0 1 0 VSS_17
A 355600 -31191200 203200 0 9 3 #=G17
A 0 0 9 0 3 0 PINTYPE=BI
P 125 0 -31496000 508000 -31496000 0 2 0
L 584200 -31496000 228600 0 2 0 1 0 GPIO133
A 355600 -31445200 203200 0 9 3 #=G18
A 0 0 9 0 3 0 PINTYPE=BI
P 126 0 -31750000 508000 -31750000 0 2 0
L 584200 -31750000 228600 0 2 0 1 0 X1
A 355600 -31699200 203200 0 9 3 #=G19
A 0 0 9 0 3 0 PINTYPE=BI
P 127 0 -32004000 508000 -32004000 0 2 0
L 584200 -32004000 228600 0 2 0 1 0 GPIO100
A 355600 -31953200 203200 0 9 3 #=H1
A 0 0 9 0 3 0 PINTYPE=BI
P 128 0 -32258000 508000 -32258000 0 2 0
L 584200 -32258000 228600 0 2 0 1 0 GPIO101
A 355600 -32207200 203200 0 9 3 #=H2
A 0 0 9 0 3 0 PINTYPE=BI
P 129 0 -32512000 508000 -32512000 0 2 0
L 584200 -32512000 228600 0 2 0 1 0 GPIO102
A 355600 -32461200 203200 0 9 3 #=H3
A 0 0 9 0 3 0 PINTYPE=BI
P 130 0 -32766000 508000 -32766000 0 2 0
L 584200 -32766000 228600 0 2 0 1 0 NC_1
A 355600 -32715200 203200 0 9 3 #=H4
A 0 0 9 0 3 0 PINTYPE=BI
P 131 0 -33020000 508000 -33020000 0 2 0
L 584200 -33020000 228600 0 2 0 1 0 VDDIO_16
A 355600 -32969200 203200 0 9 3 #=H5
A 0 0 9 0 3 0 PINTYPE=BI
P 132 0 -33274000 508000 -33274000 0 2 0
L 584200 -33274000 228600 0 2 0 1 0 VDDIO_17
A 355600 -33223200 203200 0 9 3 #=H6
A 0 0 9 0 3 0 PINTYPE=BI
P 133 0 -33528000 508000 -33528000 0 2 0
L 584200 -33528000 228600 0 2 0 1 0 VSS_18
A 355600 -33477200 203200 0 9 3 #=H8
A 0 0 9 0 3 0 PINTYPE=BI
P 134 0 -33782000 508000 -33782000 0 2 0
L 584200 -33782000 228600 0 2 0 1 0 VSS_19
A 355600 -33731200 203200 0 9 3 #=H9
A 0 0 9 0 3 0 PINTYPE=BI
P 135 0 -34036000 508000 -34036000 0 2 0
L 584200 -34036000 228600 0 2 0 1 0 VSS_20
A 355600 -33985200 203200 0 9 3 #=H10
A 0 0 9 0 3 0 PINTYPE=BI
P 136 0 -34290000 508000 -34290000 0 2 0
L 584200 -34290000 228600 0 2 0 1 0 VSS_21
A 355600 -34239200 203200 0 9 3 #=H11
A 0 0 9 0 3 0 PINTYPE=BI
P 137 0 -34544000 508000 -34544000 0 2 0
L 584200 -34544000 228600 0 2 0 1 0 VSS_22
A 355600 -34493200 203200 0 9 3 #=H12
A 0 0 9 0 3 0 PINTYPE=BI
P 138 0 -34798000 508000 -34798000 0 2 0
L 584200 -34798000 228600 0 2 0 1 0 VSS_23
A 355600 -34747200 203200 0 9 3 #=H14
A 0 0 9 0 3 0 PINTYPE=BI
P 139 0 -35052000 508000 -35052000 0 2 0
L 584200 -35052000 228600 0 2 0 1 0 VSS_24
A 355600 -35001200 203200 0 9 3 #=H15
A 0 0 9 0 3 0 PINTYPE=BI
P 140 0 -35306000 508000 -35306000 0 2 0
L 584200 -35306000 228600 0 2 0 1 0 VDDOSC_1
A 355600 -35255200 203200 0 9 3 #=H16
A 0 0 9 0 3 0 PINTYPE=BI
P 141 0 -35560000 508000 -35560000 0 2 0
L 584200 -35560000 228600 0 2 0 1 0 VDDOSC_2
A 355600 -35509200 203200 0 9 3 #=H17
A 0 0 9 0 3 0 PINTYPE=BI
P 142 0 -35814000 508000 -35814000 0 2 0
L 584200 -35814000 228600 0 2 0 1 0 VSSOSC_1
A 355600 -35763200 203200 0 9 3 #=H18
A 0 0 9 0 3 0 PINTYPE=BI
P 143 0 -36068000 508000 -36068000 0 2 0
L 584200 -36068000 228600 0 2 0 1 0 VSSOSC_2
A 355600 -36017200 203200 0 9 3 #=H19
A 0 0 9 0 3 0 PINTYPE=BI
P 144 0 -36322000 508000 -36322000 0 2 0
L 584200 -36322000 228600 0 2 0 1 0 GPIO103
A 355600 -36271200 203200 0 9 3 #=J1
A 0 0 9 0 3 0 PINTYPE=BI
P 145 0 -36576000 508000 -36576000 0 2 0
L 584200 -36576000 228600 0 2 0 1 0 GPIO104
A 355600 -36525200 203200 0 9 3 #=J2
A 0 0 9 0 3 0 PINTYPE=BI
P 146 0 -36830000 508000 -36830000 0 2 0
L 584200 -36830000 228600 0 2 0 1 0 GPIO105
A 355600 -36779200 203200 0 9 3 #=J3
A 0 0 9 0 3 0 PINTYPE=BI
P 147 0 -37084000 508000 -37084000 0 2 0
L 584200 -37084000 228600 0 2 0 1 0 GPIO22
A 355600 -37033200 203200 0 9 3 #=J4
A 0 0 9 0 3 0 PINTYPE=BI
P 148 0 -37338000 508000 -37338000 0 2 0
L 584200 -37338000 228600 0 2 0 1 0 VSS_25
A 355600 -37287200 203200 0 9 3 #=J5
A 0 0 9 0 3 0 PINTYPE=BI
P 149 0 -37592000 508000 -37592000 0 2 0
L 584200 -37592000 228600 0 2 0 1 0 VSS_26
A 355600 -37541200 203200 0 9 3 #=J6
A 0 0 9 0 3 0 PINTYPE=BI
P 150 0 -37846000 508000 -37846000 0 2 0
L 584200 -37846000 228600 0 2 0 1 0 VSS_27
A 355600 -37795200 203200 0 9 3 #=J8
A 0 0 9 0 3 0 PINTYPE=BI
P 151 0 -38100000 508000 -38100000 0 2 0
L 584200 -38100000 228600 0 2 0 1 0 VSS_28
A 355600 -38049200 203200 0 9 3 #=J9
A 0 0 9 0 3 0 PINTYPE=BI
P 152 0 -38354000 508000 -38354000 0 2 0
L 584200 -38354000 228600 0 2 0 1 0 VSS_29
A 355600 -38303200 203200 0 9 3 #=J10
A 0 0 9 0 3 0 PINTYPE=BI
P 153 0 -38608000 508000 -38608000 0 2 0
L 584200 -38608000 228600 0 2 0 1 0 VSS_30
A 355600 -38557200 203200 0 9 3 #=J11
A 0 0 9 0 3 0 PINTYPE=BI
P 154 0 -38862000 508000 -38862000 0 2 0
L 584200 -38862000 228600 0 2 0 1 0 VSS_31
A 355600 -38811200 203200 0 9 3 #=J12
A 0 0 9 0 3 0 PINTYPE=BI
P 155 0 -39116000 508000 -39116000 0 2 0
L 584200 -39116000 228600 0 2 0 1 0 VDD_7
A 355600 -39065200 203200 0 9 3 #=J14
A 0 0 9 0 3 0 PINTYPE=BI
P 156 0 -39370000 508000 -39370000 0 2 0
L 584200 -39370000 228600 0 2 0 1 0 VDD_8
A 355600 -39319200 203200 0 9 3 #=J15
A 0 0 9 0 3 0 PINTYPE=BI
P 157 0 -39624000 508000 -39624000 0 2 0
L 584200 -39624000 228600 0 2 0 1 0 GPIO63
A 355600 -39573200 203200 0 9 3 #=J16
A 0 0 9 0 3 0 PINTYPE=BI
P 158 0 -39878000 508000 -39878000 0 2 0
L 584200 -39878000 228600 0 2 0 1 0 GPIO62
A 355600 -39827200 203200 0 9 3 #=J17
A 0 0 9 0 3 0 PINTYPE=BI
P 159 0 -40132000 508000 -40132000 0 2 0
L 584200 -40132000 228600 0 2 0 1 0 NC_2
A 355600 -40081200 203200 0 9 3 #=J18
A 0 0 9 0 3 0 PINTYPE=BI
P 160 0 -40386000 508000 -40386000 0 2 0
L 584200 -40386000 228600 0 2 0 1 0 X2
A 355600 -40335200 203200 0 9 3 #=J19
A 0 0 9 0 3 0 PINTYPE=BI
P 161 0 -40640000 508000 -40640000 0 2 0
L 584200 -40640000 228600 0 2 0 1 0 GPIO26
A 355600 -40589200 203200 0 9 3 #=K1
A 0 0 9 0 3 0 PINTYPE=BI
P 162 0 -40894000 508000 -40894000 0 2 0
L 584200 -40894000 228600 0 2 0 1 0 GPIO25
A 355600 -40843200 203200 0 9 3 #=K2
A 0 0 9 0 3 0 PINTYPE=BI
P 163 0 -41148000 508000 -41148000 0 2 0
L 584200 -41148000 228600 0 2 0 1 0 GPIO24
A 355600 -41097200 203200 0 9 3 #=K3
A 0 0 9 0 3 0 PINTYPE=BI
P 164 0 -41402000 508000 -41402000 0 2 0
L 584200 -41402000 228600 0 2 0 1 0 GPIO23
A 355600 -41351200 203200 0 9 3 #=K4
A 0 0 9 0 3 0 PINTYPE=BI
P 165 0 -41656000 508000 -41656000 0 2 0
L 584200 -41656000 228600 0 2 0 1 0 VDD_9
A 355600 -41605200 203200 0 9 3 #=K5
A 0 0 9 0 3 0 PINTYPE=BI
P 166 0 -41910000 508000 -41910000 0 2 0
L 584200 -41910000 228600 0 2 0 1 0 VDD_10
A 355600 -41859200 203200 0 9 3 #=K6
A 0 0 9 0 3 0 PINTYPE=BI
P 167 0 -42164000 508000 -42164000 0 2 0
L 584200 -42164000 228600 0 2 0 1 0 VSS_32
A 355600 -42113200 203200 0 9 3 #=K8
A 0 0 9 0 3 0 PINTYPE=BI
P 168 0 -42418000 508000 -42418000 0 2 0
L 584200 -42418000 228600 0 2 0 1 0 VSS_33
A 355600 -42367200 203200 0 9 3 #=K9
A 0 0 9 0 3 0 PINTYPE=BI
P 169 0 -42672000 508000 -42672000 0 2 0
L 584200 -42672000 228600 0 2 0 1 0 VSS_34
A 355600 -42621200 203200 0 9 3 #=K10
A 0 0 9 0 3 0 PINTYPE=BI
P 170 4572000 0 4064000 0 0 3 0
L 3987800 0 228600 0 8 0 1 0 VSS_35
A 4216400 50800 203200 0 3 3 #=K11
A 0 0 9 0 3 0 PINTYPE=BI
P 171 4572000 -254000 4064000 -254000 0 3 0
L 3987800 -254000 228600 0 8 0 1 0 VSS_36
A 4216400 -203200 203200 0 3 3 #=K12
A 0 0 9 0 3 0 PINTYPE=BI
P 172 4572000 -508000 4064000 -508000 0 3 0
L 3987800 -508000 228600 0 8 0 1 0 VSS_37
A 4216400 -457200 203200 0 3 3 #=K14
A 0 0 9 0 3 0 PINTYPE=BI
P 173 4572000 -762000 4064000 -762000 0 3 0
L 3987800 -762000 228600 0 8 0 1 0 VSS_38
A 4216400 -711200 203200 0 3 3 #=K15
A 0 0 9 0 3 0 PINTYPE=BI
P 174 4572000 -1016000 4064000 -1016000 0 3 0
L 3987800 -1016000 228600 0 8 0 1 0 GPIO65
A 4216400 -965200 203200 0 3 3 #=K16
A 0 0 9 0 3 0 PINTYPE=BI
P 175 4572000 -1270000 4064000 -1270000 0 3 0
L 3987800 -1270000 228600 0 8 0 1 0 GPIO66
A 4216400 -1219200 203200 0 3 3 #=K17
A 0 0 9 0 3 0 PINTYPE=BI
P 176 4572000 -1524000 4064000 -1524000 0 3 0
L 3987800 -1524000 228600 0 8 0 1 0 GPIO44
A 4216400 -1473200 203200 0 3 3 #=K18
A 0 0 9 0 3 0 PINTYPE=BI
P 177 4572000 -1778000 4064000 -1778000 0 3 0
L 3987800 -1778000 228600 0 8 0 1 0 GPIO45
A 4216400 -1727200 203200 0 3 3 #=K19
A 0 0 9 0 3 0 PINTYPE=BI
P 178 4572000 -2032000 4064000 -2032000 0 3 0
L 3987800 -2032000 228600 0 8 0 1 0 GPIO27
A 4216400 -1981200 203200 0 3 3 #=L1
A 0 0 9 0 3 0 PINTYPE=BI
P 179 4572000 -2286000 4064000 -2286000 0 3 0
L 3987800 -2286000 228600 0 8 0 1 0 GPIO106
A 4216400 -2235200 203200 0 3 3 #=L2
A 0 0 9 0 3 0 PINTYPE=BI
P 180 4572000 -2540000 4064000 -2540000 0 3 0
L 3987800 -2540000 228600 0 8 0 1 0 GPIO107
A 4216400 -2489200 203200 0 3 3 #=L3
A 0 0 9 0 3 0 PINTYPE=BI
P 181 4572000 -2794000 4064000 -2794000 0 3 0
L 3987800 -2794000 228600 0 8 0 1 0 GPIO108
A 4216400 -2743200 203200 0 3 3 #=L4
A 0 0 9 0 3 0 PINTYPE=BI
P 182 4572000 -3048000 4064000 -3048000 0 3 0
L 3987800 -3048000 228600 0 8 0 1 0 VSS_39
A 4216400 -2997200 203200 0 3 3 #=L5
A 0 0 9 0 3 0 PINTYPE=BI
P 183 4572000 -3302000 4064000 -3302000 0 3 0
L 3987800 -3302000 228600 0 8 0 1 0 VSS_40
A 4216400 -3251200 203200 0 3 3 #=L6
A 0 0 9 0 3 0 PINTYPE=BI
P 184 4572000 -3556000 4064000 -3556000 0 3 0
L 3987800 -3556000 228600 0 8 0 1 0 VSS_41
A 4216400 -3505200 203200 0 3 3 #=L8
A 0 0 9 0 3 0 PINTYPE=BI
P 185 4572000 -3810000 4064000 -3810000 0 3 0
L 3987800 -3810000 228600 0 8 0 1 0 VSS_42
A 4216400 -3759200 203200 0 3 3 #=L9
A 0 0 9 0 3 0 PINTYPE=BI
P 186 4572000 -4064000 4064000 -4064000 0 3 0
L 3987800 -4064000 228600 0 8 0 1 0 VSS_43
A 4216400 -4013200 203200 0 3 3 #=L10
A 0 0 9 0 3 0 PINTYPE=BI
P 187 4572000 -4318000 4064000 -4318000 0 3 0
L 3987800 -4318000 228600 0 8 0 1 0 VSS_44
A 4216400 -4267200 203200 0 3 3 #=L11
A 0 0 9 0 3 0 PINTYPE=BI
P 188 4572000 -4572000 4064000 -4572000 0 3 0
L 3987800 -4572000 228600 0 8 0 1 0 VSS_45
A 4216400 -4521200 203200 0 3 3 #=L12
A 0 0 9 0 3 0 PINTYPE=BI
P 189 4572000 -4826000 4064000 -4826000 0 3 0
L 3987800 -4826000 228600 0 8 0 1 0 VDDIO_18
A 4216400 -4775200 203200 0 3 3 #=L14
A 0 0 9 0 3 0 PINTYPE=BI
P 190 4572000 -5080000 4064000 -5080000 0 3 0
L 3987800 -5080000 228600 0 8 0 1 0 VDDIO_19
A 4216400 -5029200 203200 0 3 3 #=L15
A 0 0 9 0 3 0 PINTYPE=BI
P 191 4572000 -5334000 4064000 -5334000 0 3 0
L 3987800 -5334000 228600 0 8 0 1 0 GPIO61
A 4216400 -5283200 203200 0 3 3 #=L16
A 0 0 9 0 3 0 PINTYPE=BI
P 192 4572000 -5588000 4064000 -5588000 0 3 0
L 3987800 -5588000 228600 0 8 0 1 0 GPIO64
A 4216400 -5537200 203200 0 3 3 #=L17
A 0 0 9 0 3 0 PINTYPE=BI
P 193 4572000 -5842000 4064000 -5842000 0 3 0
L 3987800 -5842000 228600 0 8 0 1 0 VSS_46
A 4216400 -5791200 203200 0 3 3 #=L18
A 0 0 9 0 3 0 PINTYPE=BI
P 194 4572000 -6096000 4064000 -6096000 0 3 0
L 3987800 -6096000 228600 0 8 0 1 0 GPIO142
A 4216400 -6045200 203200 0 3 3 #=L19
A 0 0 9 0 3 0 PINTYPE=BI
P 195 4572000 -6350000 4064000 -6350000 0 3 0
L 3987800 -6350000 228600 0 8 0 1 0 VDDIO_20
A 4216400 -6299200 203200 0 3 3 #=M1
A 0 0 9 0 3 0 PINTYPE=BI
P 196 4572000 -6604000 4064000 -6604000 0 3 0
L 3987800 -6604000 228600 0 8 0 1 0 GPIO110
A 4216400 -6553200 203200 0 3 3 #=M2
A 0 0 9 0 3 0 PINTYPE=BI
P 197 4572000 -6858000 4064000 -6858000 0 3 0
L 3987800 -6858000 228600 0 8 0 1 0 GPIO112
A 4216400 -6807200 203200 0 3 3 #=M3
A 0 0 9 0 3 0 PINTYPE=BI
P 198 4572000 -7112000 4064000 -7112000 0 3 0
L 3987800 -7112000 228600 0 8 0 1 0 GPIO111
A 4216400 -7061200 203200 0 3 3 #=M4
A 0 0 9 0 3 0 PINTYPE=BI
P 199 4572000 -7366000 4064000 -7366000 0 3 0
L 3987800 -7366000 228600 0 8 0 1 0 VDDIO_21
A 4216400 -7315200 203200 0 3 3 #=M5
A 0 0 9 0 3 0 PINTYPE=BI
P 200 4572000 -7620000 4064000 -7620000 0 3 0
L 3987800 -7620000 228600 0 8 0 1 0 VDDIO_22
A 4216400 -7569200 203200 0 3 3 #=M6
A 0 0 9 0 3 0 PINTYPE=BI
P 201 4572000 -7874000 4064000 -7874000 0 3 0
L 3987800 -7874000 228600 0 8 0 1 0 VSS_47
A 4216400 -7823200 203200 0 3 3 #=M8
A 0 0 9 0 3 0 PINTYPE=BI
P 202 4572000 -8128000 4064000 -8128000 0 3 0
L 3987800 -8128000 228600 0 8 0 1 0 VSS_48
A 4216400 -8077200 203200 0 3 3 #=M9
A 0 0 9 0 3 0 PINTYPE=BI
P 203 4572000 -8382000 4064000 -8382000 0 3 0
L 3987800 -8382000 228600 0 8 0 1 0 VSS_49
A 4216400 -8331200 203200 0 3 3 #=M10
A 0 0 9 0 3 0 PINTYPE=BI
P 204 4572000 -8636000 4064000 -8636000 0 3 0
L 3987800 -8636000 228600 0 8 0 1 0 VSS_50
A 4216400 -8585200 203200 0 3 3 #=M11
A 0 0 9 0 3 0 PINTYPE=BI
P 205 4572000 -8890000 4064000 -8890000 0 3 0
L 3987800 -8890000 228600 0 8 0 1 0 VSS_51
A 4216400 -8839200 203200 0 3 3 #=M12
A 0 0 9 0 3 0 PINTYPE=BI
P 206 4572000 -9144000 4064000 -9144000 0 3 0
L 3987800 -9144000 228600 0 8 0 1 0 VSS_52
A 4216400 -9093200 203200 0 3 3 #=M14
A 0 0 9 0 3 0 PINTYPE=BI
P 207 4572000 -9398000 4064000 -9398000 0 3 0
L 3987800 -9398000 228600 0 8 0 1 0 VSS_53
A 4216400 -9347200 203200 0 3 3 #=M15
A 0 0 9 0 3 0 PINTYPE=BI
P 208 4572000 -9652000 4064000 -9652000 0 3 0
L 3987800 -9652000 228600 0 8 0 1 0 GPIO59
A 4216400 -9601200 203200 0 3 3 #=M16
A 0 0 9 0 3 0 PINTYPE=BI
P 209 4572000 -9906000 4064000 -9906000 0 3 0
L 3987800 -9906000 228600 0 8 0 1 0 GPIO60
A 4216400 -9855200 203200 0 3 3 #=M17
A 0 0 9 0 3 0 PINTYPE=BI
P 210 4572000 -10160000 4064000 -10160000 0 3 0
L 3987800 -10160000 228600 0 8 0 1 0 GPIO141
A 4216400 -10109200 203200 0 3 3 #=M18
A 0 0 9 0 3 0 PINTYPE=BI
P 211 4572000 -10414000 4064000 -10414000 0 3 0
L 3987800 -10414000 228600 0 8 0 1 0 GPIO140
A 4216400 -10363200 203200 0 3 3 #=M19
A 0 0 9 0 3 0 PINTYPE=BI
P 212 4572000 -10668000 4064000 -10668000 0 3 0
L 3987800 -10668000 228600 0 8 0 1 0 VSS_54
A 4216400 -10617200 203200 0 3 3 #=N1
A 0 0 9 0 3 0 PINTYPE=BI
P 213 4572000 -10922000 4064000 -10922000 0 3 0
L 3987800 -10922000 228600 0 8 0 1 0 GPIO109
A 4216400 -10871200 203200 0 3 3 #=N2
A 0 0 9 0 3 0 PINTYPE=BI
P 214 4572000 -11176000 4064000 -11176000 0 3 0
L 3987800 -11176000 228600 0 8 0 1 0 GPIO114
A 4216400 -11125200 203200 0 3 3 #=N3
A 0 0 9 0 3 0 PINTYPE=BI
P 215 4572000 -11430000 4064000 -11430000 0 3 0
L 3987800 -11430000 228600 0 8 0 1 0 GPIO113
A 4216400 -11379200 203200 0 3 3 #=N4
A 0 0 9 0 3 0 PINTYPE=BI
P 216 4572000 -11684000 4064000 -11684000 0 3 0
L 3987800 -11684000 228600 0 8 0 1 0 VSS_55
A 4216400 -11633200 203200 0 3 3 #=N5
A 0 0 9 0 3 0 PINTYPE=BI
P 217 4572000 -11938000 4064000 -11938000 0 3 0
L 3987800 -11938000 228600 0 8 0 1 0 VSS_56
A 4216400 -11887200 203200 0 3 3 #=N6
A 0 0 9 0 3 0 PINTYPE=BI
P 218 4572000 -12192000 4064000 -12192000 0 3 0
L 3987800 -12192000 228600 0 8 0 1 0 VDDIO_23
A 4216400 -12141200 203200 0 3 3 #=N14
A 0 0 9 0 3 0 PINTYPE=BI
P 219 4572000 -12446000 4064000 -12446000 0 3 0
L 3987800 -12446000 228600 0 8 0 1 0 VDDIO_24
A 4216400 -12395200 203200 0 3 3 #=N15
A 0 0 9 0 3 0 PINTYPE=BI
P 220 4572000 -12700000 4064000 -12700000 0 3 0
L 3987800 -12700000 228600 0 8 0 1 0 GPIO56
A 4216400 -12649200 203200 0 3 3 #=N16
A 0 0 9 0 3 0 PINTYPE=BI
P 221 4572000 -12954000 4064000 -12954000 0 3 0
L 3987800 -12954000 228600 0 8 0 1 0 GPIO58
A 4216400 -12903200 203200 0 3 3 #=N17
A 0 0 9 0 3 0 PINTYPE=BI
P 222 4572000 -13208000 4064000 -13208000 0 3 0
L 3987800 -13208000 228600 0 8 0 1 0 GPIO57
A 4216400 -13157200 203200 0 3 3 #=N18
A 0 0 9 0 3 0 PINTYPE=BI
P 223 4572000 -13462000 4064000 -13462000 0 3 0
L 3987800 -13462000 228600 0 8 0 1 0 GPIO139
A 4216400 -13411200 203200 0 3 3 #=N19
A 0 0 9 0 3 0 PINTYPE=BI
P 224 4572000 -13716000 4064000 -13716000 0 3 0
L 3987800 -13716000 228600 0 8 0 1 0 VSSA_1
A 4216400 -13665200 203200 0 3 3 #=P1
A 0 0 9 0 3 0 PINTYPE=BI
P 225 4572000 -13970000 4064000 -13970000 0 3 0
L 3987800 -13970000 228600 0 8 0 1 0 VREFLOC
A 4216400 -13919200 203200 0 3 3 #=P2
A 0 0 9 0 3 0 PINTYPE=BI
P 226 4572000 -14224000 4064000 -14224000 0 3 0
L 3987800 -14224000 228600 0 8 0 1 0 ADCINC3CMPIN6N
A 4216400 -14173200 203200 0 3 3 #=P3
A 0 0 9 0 3 0 PINTYPE=BI
P 227 4572000 -14478000 4064000 -14478000 0 3 0
L 3987800 -14478000 228600 0 8 0 1 0 ADCINC5CMPIN5N
A 4216400 -14427200 203200 0 3 3 #=P4
A 0 0 9 0 3 0 PINTYPE=BI
P 228 4572000 -14732000 4064000 -14732000 0 3 0
L 3987800 -14732000 228600 0 8 0 1 0 VSSA_2
A 4216400 -14681200 203200 0 3 3 #=P5
A 0 0 9 0 3 0 PINTYPE=BI
P 229 4572000 -14986000 4064000 -14986000 0 3 0
L 3987800 -14986000 228600 0 8 0 1 0 VDDA_1
A 4216400 -14935200 203200 0 3 3 #=P6
A 0 0 9 0 3 0 PINTYPE=BI
P 230 4572000 -15240000 4064000 -15240000 0 3 0
L 3987800 -15240000 228600 0 8 0 1 0 VSS_57
A 4216400 -15189200 203200 0 3 3 #=P7
A 0 0 9 0 3 0 PINTYPE=BI
P 231 4572000 -15494000 4064000 -15494000 0 3 0
L 3987800 -15494000 228600 0 8 0 1 0 VSS_58
A 4216400 -15443200 203200 0 3 3 #=P8
A 0 0 9 0 3 0 PINTYPE=BI
P 232 4572000 -15748000 4064000 -15748000 0 3 0
L 3987800 -15748000 228600 0 8 0 1 0 VDDIO_25
A 4216400 -15697200 203200 0 3 3 #=P9
A 0 0 9 0 3 0 PINTYPE=BI
P 233 4572000 -16002000 4064000 -16002000 0 3 0
L 3987800 -16002000 228600 0 8 0 1 0 VDD_11
A 4216400 -15951200 203200 0 3 3 #=P10
A 0 0 9 0 3 0 PINTYPE=BI
P 234 4572000 -16256000 4064000 -16256000 0 3 0
L 3987800 -16256000 228600 0 8 0 1 0 VSS_59
A 4216400 -16205200 203200 0 3 3 #=P11
A 0 0 9 0 3 0 PINTYPE=BI
P 235 4572000 -16510000 4064000 -16510000 0 3 0
L 3987800 -16510000 228600 0 8 0 1 0 VSS_60
A 4216400 -16459200 203200 0 3 3 #=P12
A 0 0 9 0 3 0 PINTYPE=BI
P 236 4572000 -16764000 4064000 -16764000 0 3 0
L 3987800 -16764000 228600 0 8 0 1 0 VDD_12
A 4216400 -16713200 203200 0 3 3 #=P13
A 0 0 9 0 3 0 PINTYPE=BI
P 237 4572000 -17018000 4064000 -17018000 0 3 0
L 3987800 -17018000 228600 0 8 0 1 0 VSS_61
A 4216400 -16967200 203200 0 3 3 #=P14
A 0 0 9 0 3 0 PINTYPE=BI
P 238 4572000 -17272000 4064000 -17272000 0 3 0
L 3987800 -17272000 228600 0 8 0 1 0 VSS_62
A 4216400 -17221200 203200 0 3 3 #=P15
A 0 0 9 0 3 0 PINTYPE=BI
P 239 4572000 -17526000 4064000 -17526000 0 3 0
L 3987800 -17526000 228600 0 8 0 1 0 GPIO52
A 4216400 -17475200 203200 0 3 3 #=P16
A 0 0 9 0 3 0 PINTYPE=BI
P 240 4572000 -17780000 4064000 -17780000 0 3 0
L 3987800 -17780000 228600 0 8 0 1 0 GPIO53
A 4216400 -17729200 203200 0 3 3 #=P17
A 0 0 9 0 3 0 PINTYPE=BI
P 241 4572000 -18034000 4064000 -18034000 0 3 0
L 3987800 -18034000 228600 0 8 0 1 0 GPIO54
A 4216400 -17983200 203200 0 3 3 #=P18
A 0 0 9 0 3 0 PINTYPE=BI
P 242 4572000 -18288000 4064000 -18288000 0 3 0
L 3987800 -18288000 228600 0 8 0 1 0 GPIO55
A 4216400 -18237200 203200 0 3 3 #=P19
A 0 0 9 0 3 0 PINTYPE=BI
P 243 4572000 -18542000 4064000 -18542000 0 3 0
L 3987800 -18542000 228600 0 8 0 1 0 VREFHIC
A 4216400 -18491200 203200 0 3 3 #=R1
A 0 0 9 0 3 0 PINTYPE=BI
P 244 4572000 -18796000 4064000 -18796000 0 3 0
L 3987800 -18796000 228600 0 8 0 1 0 VREFLOA
A 4216400 -18745200 203200 0 3 3 #=R2
A 0 0 9 0 3 0 PINTYPE=BI
P 245 4572000 -19050000 4064000 -19050000 0 3 0
L 3987800 -19050000 228600 0 8 0 1 0 ADCINC2CMPIN6P
A 4216400 -18999200 203200 0 3 3 #=R3
A 0 0 9 0 3 0 PINTYPE=BI
P 246 4572000 -19304000 4064000 -19304000 0 3 0
L 3987800 -19304000 228600 0 8 0 1 0 ADCINC4CMPIN5P
A 4216400 -19253200 203200 0 3 3 #=R4
A 0 0 9 0 3 0 PINTYPE=BI
P 247 4572000 -19558000 4064000 -19558000 0 3 0
L 3987800 -19558000 228600 0 8 0 1 0 VSSA_3
A 4216400 -19507200 203200 0 3 3 #=R5
A 0 0 9 0 3 0 PINTYPE=BI
P 248 4572000 -19812000 4064000 -19812000 0 3 0
L 3987800 -19812000 228600 0 8 0 1 0 VDDA_2
A 4216400 -19761200 203200 0 3 3 #=R6
A 0 0 9 0 3 0 PINTYPE=BI
P 249 4572000 -20066000 4064000 -20066000 0 3 0
L 3987800 -20066000 228600 0 8 0 1 0 VSS_63
A 4216400 -20015200 203200 0 3 3 #=R7
A 0 0 9 0 3 0 PINTYPE=BI
P 250 4572000 -20320000 4064000 -20320000 0 3 0
L 3987800 -20320000 228600 0 8 0 1 0 VSS_64
A 4216400 -20269200 203200 0 3 3 #=R8
A 0 0 9 0 3 0 PINTYPE=BI
P 251 4572000 -20574000 4064000 -20574000 0 3 0
L 3987800 -20574000 228600 0 8 0 1 0 VDDIO_26
A 4216400 -20523200 203200 0 3 3 #=R9
A 0 0 9 0 3 0 PINTYPE=BI
P 252 4572000 -20828000 4064000 -20828000 0 3 0
L 3987800 -20828000 228600 0 8 0 1 0 VDD_13
A 4216400 -20777200 203200 0 3 3 #=R10
A 0 0 9 0 3 0 PINTYPE=BI
P 253 4572000 -21082000 4064000 -21082000 0 3 0
L 3987800 -21082000 228600 0 8 0 1 0 VDD3VFL_1
A 4216400 -21031200 203200 0 3 3 #=R11
A 0 0 9 0 3 0 PINTYPE=BI
P 254 4572000 -21336000 4064000 -21336000 0 3 0
L 3987800 -21336000 228600 0 8 0 1 0 VDD3VFL_2
A 4216400 -21285200 203200 0 3 3 #=R12
A 0 0 9 0 3 0 PINTYPE=BI
P 255 4572000 -21590000 4064000 -21590000 0 3 0
L 3987800 -21590000 228600 0 8 0 1 0 VDD_14
A 4216400 -21539200 203200 0 3 3 #=R13
A 0 0 9 0 3 0 PINTYPE=BI
P 256 4572000 -21844000 4064000 -21844000 0 3 0
L 3987800 -21844000 228600 0 8 0 1 0 VSS_65
A 4216400 -21793200 203200 0 3 3 #=R14
A 0 0 9 0 3 0 PINTYPE=BI
P 257 4572000 -22098000 4064000 -22098000 0 3 0
L 3987800 -22098000 228600 0 8 0 1 0 VSS_66
A 4216400 -22047200 203200 0 3 3 #=R15
A 0 0 9 0 3 0 PINTYPE=BI
P 258 4572000 -22352000 4064000 -22352000 0 3 0
L 3987800 -22352000 228600 0 8 0 1 0 GPIO48
A 4216400 -22301200 203200 0 3 3 #=R16
A 0 0 9 0 3 0 PINTYPE=BI
P 259 4572000 -22606000 4064000 -22606000 0 3 0
L 3987800 -22606000 228600 0 8 0 1 0 GPIO49
A 4216400 -22555200 203200 0 3 3 #=R17
A 0 0 9 0 3 0 PINTYPE=BI
P 260 4572000 -22860000 4064000 -22860000 0 3 0
L 3987800 -22860000 228600 0 8 0 1 0 GPIO50
A 4216400 -22809200 203200 0 3 3 #=R18
A 0 0 9 0 3 0 PINTYPE=BI
P 261 4572000 -23114000 4064000 -23114000 0 3 0
L 3987800 -23114000 228600 0 8 0 1 0 GPIO51
A 4216400 -23063200 203200 0 3 3 #=R19
A 0 0 9 0 3 0 PINTYPE=BI
P 262 4572000 -23368000 4064000 -23368000 0 3 0
L 3987800 -23368000 228600 0 8 0 1 0 ADCINA1DACOUTB
A 4216400 -23317200 203200 0 3 3 #=T1
A 0 0 9 0 3 0 PINTYPE=BI
P 263 4572000 -23622000 4064000 -23622000 0 3 0
L 3987800 -23622000 228600 0 8 0 1 0 ADCINA3CMPIN1N
A 4216400 -23571200 203200 0 3 3 #=T2
A 0 0 9 0 3 0 PINTYPE=BI
P 264 4572000 -23876000 4064000 -23876000 0 3 0
L 3987800 -23876000 228600 0 8 0 1 0 ADCINA5CMPIN2N
A 4216400 -23825200 203200 0 3 3 #=T3
A 0 0 9 0 3 0 PINTYPE=BI
P 265 4572000 -24130000 4064000 -24130000 0 3 0
L 3987800 -24130000 228600 0 8 0 1 0 ADCIN14CMPIN4P
A 4216400 -24079200 203200 0 3 3 #=T4
A 0 0 9 0 3 0 PINTYPE=BI
P 266 4572000 -24384000 4064000 -24384000 0 3 0
L 3987800 -24384000 228600 0 8 0 1 0 ADCIND0CMPIN7P
A 4216400 -24333200 203200 0 3 3 #=T5
A 0 0 9 0 3 0 PINTYPE=BI
P 267 4572000 -24638000 4064000 -24638000 0 3 0
L 3987800 -24638000 228600 0 8 0 1 0 ADCIND2CMPIN8P
A 4216400 -24587200 203200 0 3 3 #=T6
A 0 0 9 0 3 0 PINTYPE=BI
P 268 4572000 -24892000 4064000 -24892000 0 3 0
L 3987800 -24892000 228600 0 8 0 1 0 ADCIND4
A 4216400 -24841200 203200 0 3 3 #=T7
A 0 0 9 0 3 0 PINTYPE=BI
P 269 4572000 -25146000 4064000 -25146000 0 3 0
L 3987800 -25146000 228600 0 8 0 1 0 GPIO122
A 4216400 -25095200 203200 0 3 3 #=T8
A 0 0 9 0 3 0 PINTYPE=BI
P 270 4572000 -25400000 4064000 -25400000 0 3 0
L 3987800 -25400000 228600 0 8 0 1 0 GPIO125
A 4216400 -25349200 203200 0 3 3 #=T9
A 0 0 9 0 3 0 PINTYPE=BI
P 271 4572000 -25654000 4064000 -25654000 0 3 0
L 3987800 -25654000 228600 0 8 0 1 0 GPIO129
A 4216400 -25603200 203200 0 3 3 #=T10
A 0 0 9 0 3 0 PINTYPE=BI
P 272 4572000 -25908000 4064000 -25908000 0 3 0
L 3987800 -25908000 228600 0 8 0 1 0 GPIO30
A 4216400 -25857200 203200 0 3 3 #=T11
A 0 0 9 0 3 0 PINTYPE=BI
P 273 4572000 -26162000 4064000 -26162000 0 3 0
L 3987800 -26162000 228600 0 8 0 1 0 GPIO118
A 4216400 -26111200 203200 0 3 3 #=T12
A 0 0 9 0 3 0 PINTYPE=BI
P 274 4572000 -26416000 4064000 -26416000 0 3 0
L 3987800 -26416000 228600 0 8 0 1 0 GPIO33
A 4216400 -26365200 203200 0 3 3 #=T13
A 0 0 9 0 3 0 PINTYPE=BI
P 275 4572000 -26670000 4064000 -26670000 0 3 0
L 3987800 -26670000 228600 0 8 0 1 0 GPIO35
A 4216400 -26619200 203200 0 3 3 #=T14
A 0 0 9 0 3 0 PINTYPE=BI
P 276 4572000 -26924000 4064000 -26924000 0 3 0
L 3987800 -26924000 228600 0 8 0 1 0 GPIO119
A 4216400 -26873200 203200 0 3 3 #=T15
A 0 0 9 0 3 0 PINTYPE=BI
P 277 4572000 -27178000 4064000 -27178000 0 3 0
L 3987800 -27178000 228600 0 8 0 1 0 GPIO38
A 4216400 -27127200 203200 0 3 3 #=T16
A 0 0 9 0 3 0 PINTYPE=BI
P 278 4572000 -27432000 4064000 -27432000 0 3 0
L 3987800 -27432000 228600 0 8 0 1 0 GPIO136
A 4216400 -27381200 203200 0 3 3 #=T17
A 0 0 9 0 3 0 PINTYPE=BI
P 279 4572000 -27686000 4064000 -27686000 0 3 0
L 3987800 -27686000 228600 0 8 0 1 0 GPIO137
A 4216400 -27635200 203200 0 3 3 #=T18
A 0 0 9 0 3 0 PINTYPE=BI
P 280 4572000 -27940000 4064000 -27940000 0 3 0
L 3987800 -27940000 228600 0 8 0 1 0 GPIO138
A 4216400 -27889200 203200 0 3 3 #=T19
A 0 0 9 0 3 0 PINTYPE=BI
P 281 4572000 -28194000 4064000 -28194000 0 3 0
L 3987800 -28194000 228600 0 8 0 1 0 ADCINA0DACOUTA
A 4216400 -28143200 203200 0 3 3 #=U1
A 0 0 9 0 3 0 PINTYPE=BI
P 282 4572000 -28448000 4064000 -28448000 0 3 0
L 3987800 -28448000 228600 0 8 0 1 0 ADCINA2CMPIN1P
A 4216400 -28397200 203200 0 3 3 #=U2
A 0 0 9 0 3 0 PINTYPE=BI
P 283 4572000 -28702000 4064000 -28702000 0 3 0
L 3987800 -28702000 228600 0 8 0 1 0 ADCINA4CMPIN2P
A 4216400 -28651200 203200 0 3 3 #=U3
A 0 0 9 0 3 0 PINTYPE=BI
P 284 4572000 -28956000 4064000 -28956000 0 3 0
L 3987800 -28956000 228600 0 8 0 1 0 ADCIN15CMPIN4N
A 4216400 -28905200 203200 0 3 3 #=U4
A 0 0 9 0 3 0 PINTYPE=BI
P 285 4572000 -29210000 4064000 -29210000 0 3 0
L 3987800 -29210000 228600 0 8 0 1 0 ADCIND1CMPIN7N
A 4216400 -29159200 203200 0 3 3 #=U5
A 0 0 9 0 3 0 PINTYPE=BI
P 286 4572000 -29464000 4064000 -29464000 0 3 0
L 3987800 -29464000 228600 0 8 0 1 0 ADCIND3CMPIN8N
A 4216400 -29413200 203200 0 3 3 #=U6
A 0 0 9 0 3 0 PINTYPE=BI
P 287 4572000 -29718000 4064000 -29718000 0 3 0
L 3987800 -29718000 228600 0 8 0 1 0 ADCIND5
A 4216400 -29667200 203200 0 3 3 #=U7
A 0 0 9 0 3 0 PINTYPE=BI
P 288 4572000 -29972000 4064000 -29972000 0 3 0
L 3987800 -29972000 228600 0 8 0 1 0 GPIO123
A 4216400 -29921200 203200 0 3 3 #=U8
A 0 0 9 0 3 0 PINTYPE=BI
P 289 4572000 -30226000 4064000 -30226000 0 3 0
L 3987800 -30226000 228600 0 8 0 1 0 GPIO126
A 4216400 -30175200 203200 0 3 3 #=U9
A 0 0 9 0 3 0 PINTYPE=BI
P 290 4572000 -30480000 4064000 -30480000 0 3 0
L 3987800 -30480000 228600 0 8 0 1 0 GPIO130
A 4216400 -30429200 203200 0 3 3 #=U10
A 0 0 9 0 3 0 PINTYPE=BI
P 291 4572000 -30734000 4064000 -30734000 0 3 0
L 3987800 -30734000 228600 0 8 0 1 0 GPIO31
A 4216400 -30683200 203200 0 3 3 #=U11
A 0 0 9 0 3 0 PINTYPE=BI
P 292 4572000 -30988000 4064000 -30988000 0 3 0
L 3987800 -30988000 228600 0 8 0 1 0 GPIO117
A 4216400 -30937200 203200 0 3 3 #=U12
A 0 0 9 0 3 0 PINTYPE=BI
P 293 4572000 -31242000 4064000 -31242000 0 3 0
L 3987800 -31242000 228600 0 8 0 1 0 GPIO32
A 4216400 -31191200 203200 0 3 3 #=U13
A 0 0 9 0 3 0 PINTYPE=BI
P 294 4572000 -31496000 4064000 -31496000 0 3 0
L 3987800 -31496000 228600 0 8 0 1 0 GPIO34
A 4216400 -31445200 203200 0 3 3 #=U14
A 0 0 9 0 3 0 PINTYPE=BI
P 295 4572000 -31750000 4064000 -31750000 0 3 0
L 3987800 -31750000 228600 0 8 0 1 0 GPIO120
A 4216400 -31699200 203200 0 3 3 #=U15
A 0 0 9 0 3 0 PINTYPE=BI
P 296 4572000 -32004000 4064000 -32004000 0 3 0
L 3987800 -32004000 228600 0 8 0 1 0 GPIO37
A 4216400 -31953200 203200 0 3 3 #=U16
A 0 0 9 0 3 0 PINTYPE=BI
P 297 4572000 -32258000 4064000 -32258000 0 3 0
L 3987800 -32258000 228600 0 8 0 1 0 GPIO41
A 4216400 -32207200 203200 0 3 3 #=U17
A 0 0 9 0 3 0 PINTYPE=BI
P 298 4572000 -32512000 4064000 -32512000 0 3 0
L 3987800 -32512000 228600 0 8 0 1 0 GPIO135
A 4216400 -32461200 203200 0 3 3 #=U18
A 0 0 9 0 3 0 PINTYPE=BI
P 299 4572000 -32766000 4064000 -32766000 0 3 0
L 3987800 -32766000 228600 0 8 0 1 0 ERRORSTS
A 4216400 -32715200 203200 0 3 3 #=U19
A 0 0 9 0 3 0 PINTYPE=BI
P 300 4572000 -33020000 4064000 -33020000 0 3 0
L 3987800 -33020000 228600 0 8 0 1 0 VREFHIA
A 4216400 -32969200 203200 0 3 3 #=V1
A 0 0 9 0 3 0 PINTYPE=BI
P 301 4572000 -33274000 4064000 -33274000 0 3 0
L 3987800 -33274000 228600 0 8 0 1 0 ADCINB0VDAC
A 4216400 -33223200 203200 0 3 3 #=V2
A 0 0 9 0 3 0 PINTYPE=BI
P 302 4572000 -33528000 4064000 -33528000 0 3 0
L 3987800 -33528000 228600 0 8 0 1 0 ADCINB2CMPIN3P
A 4216400 -33477200 203200 0 3 3 #=V3
A 0 0 9 0 3 0 PINTYPE=BI
P 303 4572000 -33782000 4064000 -33782000 0 3 0
L 3987800 -33782000 228600 0 8 0 1 0 ADCINB4
A 4216400 -33731200 203200 0 3 3 #=V4
A 0 0 9 0 3 0 PINTYPE=BI
P 304 4572000 -34036000 4064000 -34036000 0 3 0
L 3987800 -34036000 228600 0 8 0 1 0 VREFHID
A 4216400 -33985200 203200 0 3 3 #=V5
A 0 0 9 0 3 0 PINTYPE=BI
P 305 4572000 -34290000 4064000 -34290000 0 3 0
L 3987800 -34290000 228600 0 8 0 1 0 VREFLOB
A 4216400 -34239200 203200 0 3 3 #=V6
A 0 0 9 0 3 0 PINTYPE=BI
P 306 4572000 -34544000 4064000 -34544000 0 3 0
L 3987800 -34544000 228600 0 8 0 1 0 VSSA_4
A 4216400 -34493200 203200 0 3 3 #=V7
A 0 0 9 0 3 0 PINTYPE=BI
P 307 4572000 -34798000 4064000 -34798000 0 3 0
L 3987800 -34798000 228600 0 8 0 1 0 GPIO124
A 4216400 -34747200 203200 0 3 3 #=V8
A 0 0 9 0 3 0 PINTYPE=BI
P 308 4572000 -35052000 4064000 -35052000 0 3 0
L 3987800 -35052000 228600 0 8 0 1 0 GPIO127
A 4216400 -35001200 203200 0 3 3 #=V9
A 0 0 9 0 3 0 PINTYPE=BI
P 309 4572000 -35306000 4064000 -35306000 0 3 0
L 3987800 -35306000 228600 0 8 0 1 0 GPIO131
A 4216400 -35255200 203200 0 3 3 #=V10
A 0 0 9 0 3 0 PINTYPE=BI
P 310 4572000 -35560000 4064000 -35560000 0 3 0
L 3987800 -35560000 228600 0 8 0 1 0 GPIO28
A 4216400 -35509200 203200 0 3 3 #=V11
A 0 0 9 0 3 0 PINTYPE=BI
P 311 4572000 -35814000 4064000 -35814000 0 3 0
L 3987800 -35814000 228600 0 8 0 1 0 GPIO115
A 4216400 -35763200 203200 0 3 3 #=V12
A 0 0 9 0 3 0 PINTYPE=BI
P 312 4572000 -36068000 4064000 -36068000 0 3 0
L 3987800 -36068000 228600 0 8 0 1 0 FLT2
A 4216400 -36017200 203200 0 3 3 #=V13
A 0 0 9 0 3 0 PINTYPE=BI
P 313 4572000 -36322000 4064000 -36322000 0 3 0
L 3987800 -36322000 228600 0 8 0 1 0 TRSTN
A 4216400 -36271200 203200 0 3 3 #=V14
A 0 0 9 0 3 0 PINTYPE=BI
P 314 4572000 -36576000 4064000 -36576000 0 3 0
L 3987800 -36576000 228600 0 8 0 1 0 TCK
A 4216400 -36525200 203200 0 3 3 #=V15
A 0 0 9 0 3 0 PINTYPE=BI
P 315 4572000 -36830000 4064000 -36830000 0 3 0
L 3987800 -36830000 228600 0 8 0 1 0 GPIO36
A 4216400 -36779200 203200 0 3 3 #=V16
A 0 0 9 0 3 0 PINTYPE=BI
P 316 4572000 -37084000 4064000 -37084000 0 3 0
L 3987800 -37084000 228600 0 8 0 1 0 GPIO40
A 4216400 -37033200 203200 0 3 3 #=V17
A 0 0 9 0 3 0 PINTYPE=BI
P 317 4572000 -37338000 4064000 -37338000 0 3 0
L 3987800 -37338000 228600 0 8 0 1 0 GPIO134
A 4216400 -37287200 203200 0 3 3 #=V18
A 0 0 9 0 3 0 PINTYPE=BI
P 318 4572000 -37592000 4064000 -37592000 0 3 0
L 3987800 -37592000 228600 0 8 0 1 0 VDDIO_27
A 4216400 -37541200 203200 0 3 3 #=V19
A 0 0 9 0 3 0 PINTYPE=BI
P 319 4572000 -37846000 4064000 -37846000 0 3 0
L 3987800 -37846000 228600 0 8 0 1 0 VSSA_5
A 4216400 -37795200 203200 0 3 3 #=W1
A 0 0 9 0 3 0 PINTYPE=BI
P 320 4572000 -38100000 4064000 -38100000 0 3 0
L 3987800 -38100000 228600 0 8 0 1 0 ADCINB1DACOUTC
A 4216400 -38049200 203200 0 3 3 #=W2
A 0 0 9 0 3 0 PINTYPE=BI
P 321 4572000 -38354000 4064000 -38354000 0 3 0
L 3987800 -38354000 228600 0 8 0 1 0 ADCINB3CMPIN3N
A 4216400 -38303200 203200 0 3 3 #=W3
A 0 0 9 0 3 0 PINTYPE=BI
P 322 4572000 -38608000 4064000 -38608000 0 3 0
L 3987800 -38608000 228600 0 8 0 1 0 ADCINB5
A 4216400 -38557200 203200 0 3 3 #=W4
A 0 0 9 0 3 0 PINTYPE=BI
P 323 4572000 -38862000 4064000 -38862000 0 3 0
L 3987800 -38862000 228600 0 8 0 1 0 VREFHIB
A 4216400 -38811200 203200 0 3 3 #=W5
A 0 0 9 0 3 0 PINTYPE=BI
P 324 4572000 -39116000 4064000 -39116000 0 3 0
L 3987800 -39116000 228600 0 8 0 1 0 VREFLOD
A 4216400 -39065200 203200 0 3 3 #=W6
A 0 0 9 0 3 0 PINTYPE=BI
P 325 4572000 -39370000 4064000 -39370000 0 3 0
L 3987800 -39370000 228600 0 8 0 1 0 VSS_67
A 4216400 -39319200 203200 0 3 3 #=W7
A 0 0 9 0 3 0 PINTYPE=BI
P 326 4572000 -39624000 4064000 -39624000 0 3 0
L 3987800 -39624000 228600 0 8 0 1 0 VDDIO_28
A 4216400 -39573200 203200 0 3 3 #=W8
A 0 0 9 0 3 0 PINTYPE=BI
P 327 4572000 -39878000 4064000 -39878000 0 3 0
L 3987800 -39878000 228600 0 8 0 1 0 GPIO128
A 4216400 -39827200 203200 0 3 3 #=W9
A 0 0 9 0 3 0 PINTYPE=BI
P 328 4572000 -40132000 4064000 -40132000 0 3 0
L 3987800 -40132000 228600 0 8 0 1 0 GPIO116
A 4216400 -40081200 203200 0 3 3 #=W10
A 0 0 9 0 3 0 PINTYPE=BI
P 329 4572000 -40386000 4064000 -40386000 0 3 0
L 3987800 -40386000 228600 0 8 0 1 0 GPIO29
A 4216400 -40335200 203200 0 3 3 #=W11
A 0 0 9 0 3 0 PINTYPE=BI
P 330 4572000 -40640000 4064000 -40640000 0 3 0
L 3987800 -40640000 228600 0 8 0 1 0 FLT1
A 4216400 -40589200 203200 0 3 3 #=W12
A 0 0 9 0 3 0 PINTYPE=BI
P 331 4572000 -40894000 4064000 -40894000 0 3 0
L 3987800 -40894000 228600 0 8 0 1 0 TDI
A 4216400 -40843200 203200 0 3 3 #=W13
A 0 0 9 0 3 0 PINTYPE=BI
P 332 4572000 -41148000 4064000 -41148000 0 3 0
L 3987800 -41148000 228600 0 8 0 1 0 TMS
A 4216400 -41097200 203200 0 3 3 #=W14
A 0 0 9 0 3 0 PINTYPE=BI
P 333 4572000 -41402000 4064000 -41402000 0 3 0
L 3987800 -41402000 228600 0 8 0 1 0 TDO
A 4216400 -41351200 203200 0 3 3 #=W15
A 0 0 9 0 3 0 PINTYPE=BI
P 334 4572000 -41656000 4064000 -41656000 0 3 0
L 3987800 -41656000 228600 0 8 0 1 0 GPIO121
A 4216400 -41605200 203200 0 3 3 #=W16
A 0 0 9 0 3 0 PINTYPE=BI
P 335 4572000 -41910000 4064000 -41910000 0 3 0
L 3987800 -41910000 228600 0 8 0 1 0 GPIO39
A 4216400 -41859200 203200 0 3 3 #=W17
A 0 0 9 0 3 0 PINTYPE=BI
P 336 4572000 -42164000 4064000 -42164000 0 3 0
L 3987800 -42164000 228600 0 8 0 1 0 GPIO132
A 4216400 -42113200 203200 0 3 3 #=W18
A 0 0 9 0 3 0 PINTYPE=BI
P 337 4572000 -42418000 4064000 -42418000 0 3 0
L 3987800 -42418000 228600 0 8 0 1 0 VSS_68
A 4216400 -42367200 203200 0 3 3 #=W19
A 0 0 9 0 3 0 PINTYPE=BI
E
